31.441	33.972	32.814	33.076	34.008	30.821	33.912	30.129	31.581	37.118	40.826	48.757	62.343	87.26
32.03632	34.007	33.038	33.059	33.813	30.972	33.433	29.812	30.846	35.704	38.874	45.914	57.692	79.082
32.68893	34.141	33.343	33.148	33.708	31.183	33.052	29.578	30.206	34.385	37.035	43.196	53.216	71.232
33.46677	34.449	33.79	33.409	33.768	31.518	32.844	29.483	29.729	33.241	35.405	40.712	49.07	63.951
34.42712	34.993	34.44	33.902	34.054	32.027	32.871	29.578	29.467	32.346	34.065	38.56	45.386	57.442
35.61789	35.834	35.342	34.675	34.618	32.753	33.167	29.902	29.462	31.752	33.074	36.814	42.264	51.848
37.06751	37.002	36.528	35.766	35.488	33.731	33.769	30.486	29.738	31.497	32.473	35.528	39.777	47.256
38.80079	38.514	38.03	37.202	36.69	34.99	34.695	31.335	30.317	31.597	32.287	34.724	37.965	43.703
40.8379	40.377	39.865	38.978	38.237	36.53	35.956	32.458	31.2	32.058	32.506	34.409	36.819	41.185
43.18726	42.584	42.033	41.094	40.135	38.353	37.539	33.85	32.377	32.867	33.123	34.559	36.309	39.633
45.85547	45.129	44.523	43.531	42.361	40.452	39.433	35.493	33.831	33.998	34.108	35.137	36.38	38.941
48.8222	47.984	47.309	46.258	44.881	42.81	41.598	37.361	35.523	35.419	35.411	36.1	36.961	38.977
52.05638	51.115	50.369	49.242	47.662	45.412	44.004	39.426	37.424	37.088	36.986	37.395	37.981	39.603
55.5378	54.486	53.671	52.437	50.68	48.245	46.607	41.664	39.487	38.962	38.784	38.971	39.368	40.674
59.24467	58.091	57.202	55.841	53.926	51.293	49.387	44.066	41.7	41.018	40.779	40.788	41.057	42.106
63.14243	61.914	60.943	59.454	57.371	54.524	52.338	46.619	44.042	43.227	42.937	42.805	42.99	43.86
67.22746	65.944	64.87	63.251	61.006	57.928	55.458	49.306	46.505	45.577	45.23	44.98	45.118	45.867
71.48409	70.155	68.97	67.206	64.803	61.476	58.722	52.112	49.074	48.047	47.634	47.291	47.399	48.076
75.90539	74.547	73.24	71.31	68.758	65.158	62.121	55.027	51.728	50.615	50.136	49.711	49.799	50.441
80.49039	79.119	77.667	75.551	72.843	68.958	65.641	58.043	54.46	53.263	52.723	52.233	52.295	52.922
85.24759	83.851	82.257	79.945	77.053	72.881	69.274	61.147	57.278	55.991	55.381	54.839	54.882	55.5
90.18183	88.747	87.016	84.482	81.395	76.915	73.027	64.34	60.17	58.791	58.094	57.524	57.545	58.161
95.30991	93.812	91.953	89.181	85.894	81.066	76.898	67.636	63.147	61.659	60.873	60.286	60.277	60.889
100.6756	99.066	97.079	94.053	90.552	85.344	80.901	71.033	66.218	64.59	63.727	63.127	63.066	63.673
106.2807	104.51	102.4	99.111	95.368	89.755	85.031	74.526	69.37	67.591	66.649	66.048	65.916	66.51
112.1191	110.17	107.92	104.37	100.34	94.312	89.311	78.113	72.613	70.666	69.652	69.05	68.839	69.415
118.1783	116.02	113.65	109.83	105.49	99.03	93.729	81.795	75.945	73.815	72.73	72.133	71.837	72.386
124.4437	122.08	119.59	115.49	110.84	103.92	98.285	85.593	79.38	77.037	75.894	75.3	74.923	75.426
130.9009	128.33	125.72	121.34	116.37	108.99	102.97	89.497	82.9	80.326	79.132	78.538	78.082	78.54
137.5497	134.79	132.05	127.39	122.07	114.21	107.79	93.509	86.516	83.696	82.446	81.83	81.317	81.722
144.3812	141.45	138.53	133.62	127.94	119.59	112.74	97.625	90.222	87.153	85.84	85.192	84.62	84.979
151.3803	148.29	145.21	140	133.99	125.12	117.82	101.85	94.004	90.693	89.316	88.608	87.985	88.306
158.5302	155.3	152.05	146.53	140.18	130.78	123.03	106.17	97.863	94.301	92.871	92.08	91.408	91.701
165.8401	162.48	159.05	153.21	146.51	136.58	128.34	110.56	101.82	97.984	96.512	95.618	94.907	95.177
173.2944	169.81	166.22	160.02	152.96	142.52	133.77	115.04	105.86	101.75	100.23	99.216	98.473	98.736
180.9008	177.29	173.54	166.95	159.56	148.58	139.29	119.64	109.99	105.61	104.03	102.89	102.12	102.37
188.7078	184.93	181.05	174.04	166.32	154.78	144.93	124.36	114.24	109.56	107.94	106.65	105.85	106.1
196.7194	192.72	188.73	181.29	173.24	161.11	150.69	129.2	118.6	113.6	111.95	110.51	109.66	109.9
204.9412	200.7	196.57	188.73	180.3	167.57	156.57	134.15	123.06	117.75	116.07	114.47	113.57	113.78
213.3699	208.85	204.59	196.34	187.54	174.18	162.58	139.2	127.63	121.99	120.3	118.54	117.58	117.75
221.9875	217.16	212.81	204.13	194.96	180.96	168.74	144.38	132.3	126.34	124.65	122.74	121.71	121.81
230.7872	225.65	221.21	212.1	202.55	187.91	175.03	149.67	137.09	130.78	129.07	127.05	125.95	125.96
239.7935	234.33	229.76	220.24	210.31	194.99	181.46	155.07	141.98	135.32	133.58	131.45	130.28	130.2
249.0212	243.2	238.49	228.56	218.21	202.23	188.02	160.59	146.97	139.99	138.19	135.95	134.7	134.54
258.4328	252.26	247.38	237.05	226.28	209.64	194.73	166.21	152.04	144.78	142.89	140.54	139.21	138.98
268.012	261.49	256.45	245.71	234.51	217.19	201.62	171.93	157.19	149.67	147.66	145.23	143.8	143.51
277.7784	270.9	265.69	254.54	242.89	224.87	208.65	177.74	162.44	154.67	152.52	150.01	148.49	148.15
287.7171	280.51	275.12	263.52	251.4	232.71	215.82	183.64	167.78	159.76	157.45	154.86	153.24	152.9
297.8616	290.32	284.73	272.63	260.07	240.7	223.1	189.65	173.21	164.96	162.48	159.8	158.09	157.75
308.2297	300.36	294.57	281.94	268.91	248.83	230.54	195.8	178.75	170.28	167.61	164.86	163.02	162.73
318.818	310.62	304.62	291.46	277.92	257.1	238.14	202.09	184.41	175.69	172.83	170.02	168.06	167.8
329.6251	321.12	314.83	301.18	287.11	265.49	245.88	208.52	190.18	181.21	178.16	175.29	173.2	172.97
340.6507	331.82	325.23	311.09	296.5	274.01	253.75	215.08	196.05	186.82	183.61	180.65	178.46	178.24
351.8307	342.69	335.8	321.15	306.07	282.65	261.76	221.78	202	192.5	189.16	186.14	183.84	183.59
363.136	353.73	346.54	331.39	315.79	291.42	269.88	228.57	208.07	198.23	194.79	191.71	189.31	189.02
374.5758	364.92	357.37	341.75	325.65	300.27	278.1	235.46	214.23	204.01	200.49	197.34	194.87	194.51
386.1459	376.22	368.34	352.23	335.59	309.18	286.36	242.43	220.46	209.84	206.28	203.04	200.49	200.04
397.8127	387.6	379.39	362.77	345.65	318.22	294.7	249.44	226.75	215.72	212.14	208.82	206.15	205.62
409.5053	399.02	390.47	373.38	355.77	327.32	303.1	256.49	233.06	221.63	218.03	214.63	211.84	211.23
421.2015	410.47	401.56	384.01	365.93	336.48	311.53	263.53	239.41	227.57	223.95	220.47	217.56	216.84
432.8696	421.89	412.65	394.61	376.04	345.67	319.95	270.55	245.79	233.51	229.87	226.28	223.27	222.46
444.5546	433.28	423.76	405.19	386.15	354.9	328.34	277.58	252.18	239.47	235.81	232.08	228.97	228.11
456.2112	444.63	434.9	415.78	396.25	364.19	336.71	284.61	258.57	245.45	241.78	237.9	234.67	233.77
467.8514	455.96	446.07	426.36	406.3	373.54	345.09	291.62	264.98	251.45	247.72	243.71	240.35	239.44
479.4736	467.25	457.21	436.93	416.29	382.88	353.46	298.62	271.41	257.47	253.63	249.51	246.03	245.12
491.1119	478.53	468.33	447.49	426.26	392.22	361.82	305.62	277.83	263.49	259.51	255.27	251.72	250.79
502.7175	489.78	479.46	457.97	436.21	401.54	370.18	312.63	284.22	269.52	265.37	261.04	257.43	256.45
514.2804	501.02	490.58	468.4	446.11	410.84	378.54	319.64	290.63	275.55	271.21	266.78	263.14	262.1
525.8071	512.24	501.63	478.82	456	420.1	386.92	326.65	297.03	281.58	277.03	272.48	268.87	267.74
537.3397	523.45	512.68	489.26	465.88	429.29	395.29	333.66	303.43	287.59	282.85	278.16	274.58	273.35
548.8905	534.62	523.71	499.69	475.79	438.47	403.66	340.66	309.8	293.59	288.67	283.85	280.3	278.95
560.4087	545.79	534.7	510.12	485.72	447.62	412.05	347.63	316.13	299.56	294.5	289.55	285.99	284.51
571.8604	556.96	545.64	520.49	495.64	456.72	420.44	354.57	322.45	305.52	300.32	295.25	291.65	290.03
583.2437	568.09	556.5	530.79	505.51	465.71	428.75	361.48	328.73	311.44	306.12	300.9	297.27	295.52
594.6205	579.19	567.29	541.04	515.34	474.65	437	368.38	335	317.34	311.94	306.51	302.85	301
605.916	590.2	578.05	551.28	525.17	483.49	445.17	375.25	341.21	323.2	317.8	312.11	308.4	306.44
617.0948	601.1	588.74	561.46	534.96	492.26	453.26	382.09	347.41	328.98	323.65	317.67	313.88	311.86
628.107	611.86	599.32	571.56	544.65	500.92	461.25	388.84	353.57	334.69	329.44	323.18	319.32	317.25
638.98	622.47	609.78	581.6	554.24	509.44	469.11	395.51	359.65	340.3	335.14	328.66	324.68	322.58
649.6866	632.91	620.12	591.47	563.71	517.82	476.84	402.1	365.61	345.8	340.77	334.08	329.98	327.83
660.2036	643.17	630.3	601.13	572.98	526.05	484.44	408.59	371.48	351.21	346.31	339.45	335.18	333.04
670.4571	653.24	640.22	610.59	582.05	534.13	491.9	414.96	377.27	356.53	351.72	344.72	340.31	338.2
680.4729	663.12	649.91	619.9	590.92	542.03	499.23	421.21	382.96	361.75	357	349.9	345.35	343.29
690.2572	672.74	659.36	629.03	599.55	549.84	506.44	427.34	388.52	366.88	362.17	355.01	350.34	348.29
699.8224	682.15	668.57	637.99	607.97	557.58	513.49	433.31	393.95	371.91	367.21	360.03	355.24	353.18
709.1544	691.4	677.56	646.69	616.17	565.21	520.43	439.11	399.26	376.85	372.1	364.97	360	357.95
718.2852	700.5	686.3	655.09	624.09	572.72	527.18	444.75	404.42	381.72	376.82	369.78	364.64	362.62
727.2867	709.47	694.8	663.29	631.8	580.11	533.8	450.3	409.46	386.54	381.4	374.47	369.18	367.18
736.1471	718.26	703.13	671.3	639.35	587.38	540.29	455.74	414.35	391.31	385.89	379.03	373.62	371.6
744.8116	726.86	711.25	679.14	646.79	594.52	546.64	461.07	419.14	395.97	390.28	383.44	377.96	375.9
753.2247	735.23	719.2	686.72	654.05	601.54	552.85	466.23	423.83	400.53	394.54	387.68	382.19	380.08
761.3803	743.32	726.94	694.13	661.12	608.34	558.89	471.26	428.38	404.94	398.64	391.8	386.3	384.1
769.3424	751.13	734.53	701.34	668.02	614.92	564.75	476.16	432.77	409.19	402.63	395.78	390.28	387.99
777.1018	758.64	741.95	708.29	674.7	621.25	570.45	480.91	437.02	413.29	406.5	399.61	394.08	391.76
784.539	765.86	749.13	715	681.17	627.27	575.91	485.48	441.14	417.24	410.24	403.31	397.74	395.4
791.6631	772.78	756.06	721.49	687.44	632.94	581.17	489.88	445.12	421.03	413.86	406.87	401.25	398.94
798.4448	779.3	762.66	727.78	693.42	638.31	586.22	494.12	448.95	424.66	417.39	410.26	404.68	402.33
804.8727	785.45	768.93	733.85	699.13	643.46	591.05	498.18	452.63	428.09	420.82	413.54	407.98	405.56
810.9604	791.26	774.93	739.67	704.54	648.35	595.69	501.99	456.15	431.33	424.14	416.68	411.11	408.63
816.7062	796.74	780.58	745.16	709.64	653	600.1	505.64	459.51	434.4	427.34	419.69	414.09	411.58
822.1401	801.95	785.87	750.36	714.46	657.39	604.27	509.14	462.7	437.34	430.41	422.56	416.95	414.39
827.3538	806.86	790.83	755.28	719	661.54	608.22	512.49	465.72	440.17	433.34	425.32	419.67	417.06
832.2954	811.48	795.48	759.92	723.32	665.48	611.96	515.69	468.6	442.83	436.16	427.92	422.29	419.55
836.9285	815.85	799.82	764.19	727.41	669.24	615.49	518.71	471.34	445.35	438.82	430.36	424.77	421.86
841.1916	819.97	803.83	768.13	731.23	672.78	618.79	521.57	473.91	447.71	441.29	432.69	427.12	424
845.1842	823.83	807.55	771.77	734.81	676.1	621.87	524.27	476.3	449.91	443.58	434.89	429.32	426
848.9688	827.43	810.98	775.08	738.18	679.24	624.73	526.81	478.51	451.97	445.73	436.94	431.33	427.87
852.488	830.85	814.12	778.08	741.33	682.14	627.31	529.14	480.56	453.88	447.67	438.87	433.15	429.61
855.7314	834.04	817	780.83	744.23	684.77	629.65	531.28	482.44	455.64	449.42	440.66	434.8	431.23
858.6658	836.94	819.58	783.32	746.83	687.11	631.75	533.27	484.15	457.29	450.98	442.27	436.31	432.71
861.2584	839.59	821.89	785.53	749.15	689.26	633.62	535.03	485.68	458.72	452.35	443.73	437.66	434.04
863.5406	841.96	823.98	787.51	751.12	691.17	635.31	536.51	487.01	459.98	453.54	445.03	438.83	435.2
865.5074	844.03	825.8	789.23	752.79	692.85	636.75	537.76	488.16	461.09	454.57	446.16	439.82	436.24
867.1153	845.82	827.34	790.75	754.19	694.25	637.93	538.81	489.16	462.03	455.45	447.13	440.63	437.16
868.443	847.26	828.61	792.02	755.29	695.39	638.87	539.67	489.97	462.83	456.15	447.94	441.29	437.92
869.4274	848.35	829.63	793.06	756.13	696.26	639.58	540.32	490.61	463.45	456.72	448.58	441.82	438.52
870.1055	849.07	830.4	793.81	756.73	696.86	640.08	540.78	491.06	463.93	457.14	449.01	442.23	438.92
870.4259	849.46	830.95	794.28	757.04	697.21	640.39	541.05	491.32	464.24	457.39	449.28	442.52	439.16
870.3979	849.48	831.26	794.48	757.12	697.27	640.49	541.14	491.42	464.38	457.47	449.4	442.66	439.26
870.1143	849.23	831.25	794.36	757.01	697.11	640.39	541.04	491.34	464.37	457.44	449.34	442.65	439.21
869.5581	848.73	830.91	793.93	756.7	696.73	640.02	540.79	491.12	464.21	457.26	449.13	442.48	439
868.7472	847.97	830.29	793.28	756.14	696.12	639.45	540.36	490.76	463.93	456.94	448.81	442.16	438.67
867.7375	846.92	829.36	792.34	755.34	695.28	638.66	539.83	490.26	463.54	456.51	448.31	441.7	438.23
866.4691	845.67	828.18	791.09	754.37	694.26	637.72	539.16	489.65	462.96	455.9	447.65	441.14	437.66
865.0049	844.22	826.8	789.59	753.12	693.03	636.67	538.29	488.89	462.24	455.15	446.85	440.45	436.94
863.3236	842.54	825.18	787.83	751.63	691.58	635.47	537.28	488.01	461.39	454.25	445.93	439.63	436.1
861.3775	840.67	823.34	785.91	749.97	690	634.04	536.1	487	460.39	453.25	444.89	438.64	435.12
859.1736	838.55	821.23	783.81	748.1	688.26	632.45	534.77	485.87	459.26	452.12	443.76	437.51	434.02
856.6689	836.17	818.88	781.5	746	686.38	630.71	533.24	484.6	457.96	450.87	442.52	436.27	432.8
853.9282	833.5	816.3	779.01	743.68	684.31	628.79	531.58	483.19	456.53	449.52	441.18	434.94	431.43
850.9415	830.54	813.53	776.3	741.12	682.09	626.71	529.77	481.62	454.96	448.03	439.74	433.55	429.94
847.642	827.31	810.59	773.42	738.36	679.64	624.49	527.82	479.93	453.24	446.42	438.19	432.01	428.35
844.1119	823.88	807.41	770.31	735.42	676.95	622.07	525.65	478.05	451.38	444.7	436.52	430.37	426.67
840.305	820.23	803.9	766.97	732.3	674.05	619.41	523.34	476.03	449.43	442.88	434.71	428.6	424.83
836.2692	816.31	800.12	763.46	728.95	670.95	616.54	520.84	473.85	447.35	440.93	432.79	426.69	422.89
832.0527	812.18	796.08	759.72	725.35	667.68	613.44	518.22	471.5	445.18	438.87	430.74	424.65	420.88
827.5823	807.84	791.8	755.72	721.58	664.21	610.15	515.49	469.03	442.9	436.68	428.53	422.49	418.79
822.8992	803.28	787.32	751.51	717.58	660.48	606.75	512.63	466.43	440.53	434.35	426.18	420.23	416.6
818.0003	798.55	782.61	747.05	713.38	656.52	603.23	509.65	463.71	438.07	431.88	423.7	417.88	414.32
812.8903	793.63	777.71	742.4	708.97	652.42	599.49	506.52	460.89	435.49	429.32	421.1	415.37	411.92
807.5417	788.51	772.61	737.57	704.35	648.16	595.58	503.27	457.93	432.81	426.62	418.41	412.72	409.4
801.9358	783.18	767.32	732.55	699.52	643.75	591.51	499.87	454.87	430	423.8	415.61	409.93	406.78
796.1002	777.59	761.82	727.37	694.48	639.2	587.24	496.35	451.68	427.1	420.87	412.76	407.06	404.03
790.0767	771.71	756.11	721.97	689.21	634.51	582.78	492.71	448.37	424.07	417.83	409.8	404.13	401.15
783.8277	765.58	750.22	716.43	683.78	629.64	578.2	488.97	444.97	420.93	414.68	406.76	401.07	398.19
777.4343	759.27	744.18	710.71	678.19	624.57	573.48	485.05	441.43	417.63	411.41	403.64	397.92	395.12
770.783	752.74	737.85	704.83	672.41	619.33	568.61	481	437.79	414.21	408.05	400.4	394.67	391.89
763.9145	745.95	731.28	698.77	666.46	613.91	563.6	476.78	434	410.62	404.56	397.05	391.32	388.53
756.9169	739.02	724.52	692.51	660.34	608.32	558.42	472.43	430.05	406.89	400.97	393.58	387.88	385.07
749.7318	731.88	717.55	686.02	654.03	602.52	553.02	467.97	425.99	403.06	397.25	389.99	384.35	381.54
742.3741	724.53	710.4	679.34	647.54	596.46	547.5	463.42	421.82	399.11	393.41	386.29	380.72	377.91
734.8163	717.04	703.04	672.44	640.89	590.15	541.9	458.76	417.55	395.08	389.47	382.45	377.03	374.19
727.0771	709.4	695.5	665.33	634.05	583.68	536.15	453.97	413.2	390.95	385.46	378.48	373.21	370.37
719.0909	701.64	687.79	658.01	627.03	577.02	530.27	449.08	408.74	386.75	381.33	374.39	369.27	366.44
710.9158	693.77	679.98	650.49	619.84	570.19	524.25	444.09	404.21	382.45	377.13	370.2	365.22	362.43
702.5788	685.76	672.06	642.84	612.49	563.29	518.06	439.02	399.59	378.08	372.84	365.95	361.11	358.33
694.1129	677.63	664.02	635.02	605	556.3	511.74	433.88	394.94	373.65	368.49	361.64	356.95	354.15
685.5216	669.37	655.85	627.1	597.42	549.27	505.33	428.7	390.23	369.16	364.1	357.29	352.7	349.9
676.9021	661.04	647.63	619.09	589.77	542.24	498.87	423.44	385.49	364.63	359.65	352.94	348.37	345.62
668.1508	652.6	639.31	611.03	582.06	535.24	492.4	418.15	380.74	360.08	355.19	348.57	343.99	341.29
659.3564	644.03	630.95	602.92	574.32	528.26	485.95	412.8	375.97	355.46	350.7	344.16	339.57	336.91
650.5865	635.42	622.59	594.79	566.64	521.35	479.54	407.45	371.15	350.82	346.18	339.73	335.14	332.53
641.8301	626.76	614.26	586.65	558.97	514.46	473.1	402.1	366.33	346.19	341.65	335.31	330.72	328.18
633.0929	618.04	605.96	578.5	551.36	507.54	466.67	396.78	361.49	341.55	337.11	330.92	326.33	323.86
624.3891	609.31	597.64	570.36	543.77	500.63	460.34	391.45	356.64	336.95	332.58	326.53	321.95	319.57
615.7223	600.55	589.3	562.27	536.23	493.79	454.1	386.09	351.79	332.39	328.05	322.11	317.58	315.33
607.0195	591.81	580.95	554.21	528.7	486.98	447.93	380.74	346.91	327.84	323.54	317.68	313.25	311.12
598.3041	583.09	572.63	546.15	521.21	480.19	441.81	375.4	342.07	323.3	319.05	313.25	308.95	306.92
589.5855	574.43	564.32	538.17	513.75	473.43	435.7	370.06	337.21	318.77	314.58	308.85	304.69	302.74
580.8729	565.85	556.03	530.26	506.29	466.66	429.59	364.71	332.38	314.29	310.13	304.47	300.5	298.61
572.1666	557.35	547.69	522.42	498.85	459.9	423.46	359.37	327.56	309.84	305.72	300.1	296.34	294.49
563.5286	548.92	539.37	514.69	491.45	453.18	417.31	354.05	322.76	305.4	301.33	295.78	292.16	290.39
554.8917	540.59	531.07	507.02	484.1	446.54	411.19	348.75	318.01	301	296.96	291.51	288	286.3
546.3004	532.36	522.82	499.45	476.78	439.94	405.08	343.49	313.34	296.62	292.64	287.27	283.85	282.2
537.7878	524.22	514.68	491.96	469.53	433.4	399.01	338.31	308.71	292.27	288.35	283.06	279.72	278.1
529.3404	516.19	506.65	484.55	462.37	426.88	392.96	333.19	304.16	287.95	284.09	278.92	275.62	274.03
520.9988	508.29	498.77	477.2	455.34	420.37	386.9	328.15	299.66	283.65	279.87	274.87	271.56	269.99
512.796	500.49	491	469.91	448.37	413.89	380.88	323.2	295.2	279.42	275.7	270.88	267.53	265.97
504.78	492.78	483.33	462.67	441.48	407.47	374.92	318.3	290.77	275.25	271.56	266.92	263.54	262
496.8654	485.15	475.77	455.46	434.65	401.11	369.02	313.45	286.38	271.11	267.46	262.99	259.57	258.06
489.0257	477.55	468.3	448.26	427.9	394.79	363.18	308.68	282.02	267.01	263.41	259.09	255.66	254.15
481.2867	470	460.92	441.09	421.22	388.55	357.4	303.94	277.69	262.93	259.38	255.19	251.78	250.28
473.6324	462.51	453.65	433.96	414.57	382.34	351.7	299.25	273.38	258.91	255.38	251.32	247.95	246.45
466.0345	455.08	446.42	426.89	407.94	376.2	346.02	294.58	269.06	254.91	251.4	247.44	244.14	242.63
458.5079	447.68	439.22	419.9	401.35	370.11	340.38	289.93	264.76	250.93	247.45	243.58	240.34	238.85
451.0171	440.34	432.04	412.99	394.82	364.09	334.82	285.31	260.47	247	243.51	239.71	236.56	235.1
443.5938	433.08	424.92	406.2	388.35	358.14	329.33	280.73	256.22	243.09	239.57	235.84	232.8	231.38
436.2408	425.85	417.89	399.47	381.91	352.26	323.91	276.19	252.02	239.2	235.66	231.98	229.05	227.7
428.9074	418.69	410.93	392.83	375.55	346.42	318.57	271.68	247.89	235.33	231.79	228.12	225.32	224.04
421.6282	411.62	404.05	386.28	369.25	340.6	313.3	267.23	243.8	231.5	227.98	224.32	221.63	220.43
414.423	404.65	397.26	379.82	363.03	334.83	308.09	262.83	239.76	227.72	224.19	220.56	217.96	216.85
407.3427	397.76	390.53	373.43	356.88	329.1	302.95	258.48	235.78	224	220.44	216.84	214.34	213.28
400.3744	390.97	383.89	367.12	350.79	323.42	297.87	254.18	231.87	220.29	216.74	213.18	210.78	209.74
393.4751	384.27	377.34	360.86	344.78	317.8	292.85	249.91	228.03	216.61	213.11	209.58	207.28	206.25
386.6654	377.64	370.86	354.66	338.86	312.26	287.91	245.69	224.25	212.94	209.54	206.04	203.85	202.8
379.9628	371.08	364.49	348.52	333	306.81	283.04	241.53	220.52	209.32	206.05	202.59	200.46	199.38
373.3444	364.62	358.18	342.42	327.18	301.48	278.22	237.41	216.84	205.74	202.63	199.21	197.13	196
366.8026	358.2	351.94	336.42	321.46	296.23	273.44	233.37	213.19	202.22	199.29	195.89	193.86	192.66
360.3575	351.89	345.77	330.52	315.83	291.11	268.72	229.39	209.57	198.75	196	192.63	190.65	189.36
354.0265	345.69	339.7	324.74	310.3	286.13	264.07	225.47	206	195.34	192.74	189.44	187.5	186.13
347.8217	339.59	333.77	319.08	304.89	281.26	259.5	221.6	202.49	191.97	189.53	186.31	184.38	182.97
341.6927	333.6	327.95	313.52	299.61	276.49	255.01	217.8	199.05	188.64	186.38	183.22	181.3	179.89
335.6834	327.76	322.25	308.09	294.45	271.82	250.61	214.08	195.65	185.4	183.29	180.2	178.26	176.88
329.785	322.06	316.66	302.8	289.41	267.25	246.3	210.45	192.31	182.23	180.23	177.24	175.27	173.95
324.0312	316.45	311.18	297.64	284.5	262.76	242.09	206.89	189.01	179.15	177.22	174.33	172.33	171.08
318.4344	310.97	305.8	292.59	279.68	258.35	237.97	203.41	185.79	176.14	174.25	171.47	169.45	168.27
312.9441	305.62	300.53	287.65	274.94	254.01	233.92	199.98	182.64	173.2	171.3	168.67	166.63	165.54
307.5548	300.38	295.36	282.8	270.28	249.73	229.95	196.6	179.57	170.33	168.41	165.9	163.88	162.87
302.2934	295.24	290.29	278.01	265.7	245.51	226.07	193.27	176.57	167.54	165.59	163.19	161.17	160.26
297.1421	290.2	285.33	273.28	261.18	241.35	222.26	190	173.63	164.82	162.82	160.53	158.5	157.68
292.0734	285.22	280.43	268.62	256.73	237.26	218.5	186.81	170.77	162.16	160.11	157.92	155.87	155.16
287.0749	280.32	275.59	264.03	252.34	233.22	214.8	183.68	167.96	159.56	157.45	155.34	153.28	152.66
282.1568	275.51	270.84	259.51	247.98	229.26	211.18	180.59	165.19	157.01	154.82	152.79	150.74	150.18
277.3161	270.78	266.16	255.04	243.67	225.36	207.63	177.53	162.45	154.47	152.24	150.28	148.24	147.74
272.5059	266.12	261.54	250.61	239.43	221.5	204.13	174.5	159.77	151.94	149.69	147.78	145.77	145.32
267.7574	261.53	257	246.24	235.25	217.68	200.68	171.54	157.09	149.43	147.16	145.31	143.33	142.93
263.0701	257.02	252.52	241.93	231.14	213.9	197.28	168.61	154.43	146.91	144.66	142.84	140.91	140.55
258.4268	252.56	248.08	237.67	227.1	210.15	193.94	165.71	151.76	144.38	142.19	140.37	138.51	138.18
253.8484	248.13	243.69	233.48	223.12	206.45	190.63	162.84	149.09	141.84	139.73	137.92	136.13	135.84
249.3179	243.75	239.37	229.35	219.18	202.79	187.36	160	146.44	139.3	137.28	135.49	133.78	133.52
244.8195	239.42	235.1	225.27	215.3	199.19	184.12	157.19	143.81	136.76	134.87	133.06	131.47	131.22
240.3922	235.14	230.87	221.24	211.46	195.65	180.9	154.41	141.21	134.25	132.5	130.67	129.18	128.93
236.059	230.94	226.74	217.26	207.67	192.15	177.71	151.66	138.65	131.79	130.17	128.33	126.93	126.68
231.7902	226.76	222.65	213.36	203.95	188.69	174.54	148.95	136.13	129.37	127.89	126.03	124.7	124.46
227.59	222.64	218.62	209.5	200.31	185.29	171.38	146.29	133.68	127.01	125.64	123.77	122.51	122.28
223.4621	218.58	214.65	205.72	196.72	181.96	168.27	143.67	131.29	124.72	123.43	121.56	120.34	120.13
219.399	214.58	210.74	201.99	193.17	178.69	165.21	141.07	128.94	122.48	121.28	119.41	118.22	118.01
215.3858	210.64	206.88	198.33	189.66	175.47	162.19	138.51	126.67	120.31	119.16	117.33	116.14	115.93
211.4266	206.75	203.08	194.71	186.2	172.29	159.19	135.99	124.43	118.2	117.07	115.28	114.08	113.88
207.5287	202.93	199.32	191.13	182.79	169.15	156.23	133.51	122.24	116.13	115.01	113.26	112.07	111.86
203.6644	199.15	195.58	187.59	179.43	166.03	153.31	131.05	120.07	114.09	112.97	111.27	110.08	109.86
199.8386	195.41	191.89	184.1	176.12	162.94	150.42	128.61	117.92	112.08	110.95	109.3	108.11	107.89
196.0534	191.71	188.26	180.65	172.84	159.87	147.58	126.2	115.8	110.08	108.94	107.36	106.17	105.95
192.2987	188.03	184.66	177.23	169.61	156.84	144.78	123.81	113.68	108.09	106.93	105.43	104.28	104.02
188.5872	184.41	181.1	173.85	166.41	153.86	142.02	121.46	111.55	106.11	104.96	103.51	102.41	102.13
184.9371	180.85	177.6	170.5	163.25	150.92	139.3	119.13	109.44	104.16	103.01	101.61	100.58	100.26
181.3318	177.33	174.16	167.21	160.11	148.02	136.62	116.83	107.34	102.22	101.1	99.732	98.761	98.429
177.7863	173.86	170.78	163.96	157.04	145.16	133.98	114.57	105.27	100.3	99.204	97.866	96.975	96.628
174.305	170.46	167.47	160.77	154.01	142.36	131.39	112.35	103.23	98.407	97.325	96.015	95.207	94.862
170.8724	167.13	164.24	157.62	151.02	139.6	128.86	110.17	101.22	96.53	95.479	94.197	93.457	93.128
167.5056	163.86	161.09	154.54	148.07	136.89	126.39	108.03	99.263	94.678	93.667	92.414	91.739	91.417
164.1998	160.65	158.01	151.5	145.16	134.22	123.96	105.95	97.332	92.86	91.886	90.654	90.028	89.736
160.9669	157.49	154.96	148.5	142.27	131.59	121.57	103.91	95.45	91.065	90.126	88.929	88.336	88.086
157.7837	154.38	151.93	145.53	139.42	128.99	119.2	101.9	93.606	89.298	88.388	87.22	86.657	86.451
154.639	151.3	148.92	142.59	136.59	126.41	116.85	99.921	91.8	87.568	86.673	85.536	84.992	84.835
151.5392	148.26	145.95	139.69	133.8	123.84	114.52	97.961	90.04	85.872	84.967	83.885	83.348	83.238
148.4754	145.24	142.99	136.83	131.05	121.32	112.23	96.034	88.308	84.184	83.273	82.266	81.741	81.66
145.4535	142.26	140.05	134	128.35	118.83	109.96	94.142	86.591	82.524	81.604	80.679	80.157	80.101
142.4879	139.32	137.12	131.21	125.69	116.39	107.73	92.284	84.904	80.901	79.974	79.12	78.603	78.573
139.5512	136.41	134.22	128.47	123.07	113.98	105.54	90.447	83.241	79.323	78.394	77.596	77.066	77.079
136.6623	133.53	131.34	125.78	120.5	111.63	103.38	88.646	81.6	77.783	76.849	76.089	75.568	75.613
133.8228	130.73	128.52	123.15	117.99	109.31	101.27	86.886	79.987	76.284	75.326	74.609	74.107	74.182
131.0261	127.98	125.77	120.6	115.54	107.05	99.208	85.165	78.398	74.814	73.839	73.158	72.677	72.783
128.2818	125.32	123.11	118.12	113.16	104.85	97.202	83.48	76.846	73.381	72.4	71.74	71.29	71.409
125.5902	122.73	120.54	115.71	110.85	102.71	95.242	81.839	75.316	71.977	71.006	70.348	69.925	70.063
122.9672	120.21	118.05	113.35	108.6	100.63	93.327	80.244	73.826	70.596	69.646	68.988	68.587	68.746
120.4047	117.75	115.64	111.06	106.41	98.598	91.466	78.692	72.371	69.237	68.317	67.642	67.271	67.455
117.8971	115.36	113.29	108.83	104.27	96.62	89.649	77.172	70.949	67.908	67.014	66.315	65.976	66.187
115.4483	113.03	111.02	106.66	102.18	94.69	87.87	75.684	69.553	66.604	65.733	65.021	64.7	64.941
113.0542	110.76	108.79	104.54	100.12	92.804	86.126	74.218	68.192	65.304	64.462	63.757	63.446	63.711
110.7213	108.53	106.62	102.47	98.119	90.962	84.42	72.777	66.849	64.017	63.198	62.52	62.216	62.489
108.4493	106.34	104.48	100.44	96.148	89.165	82.752	71.359	65.535	62.745	61.957	61.309	61.011	61.283
106.2194	104.17	102.37	98.432	94.208	87.402	81.117	69.959	64.252	61.489	60.756	60.125	59.819	60.099
104.0489	102.02	100.27	96.444	92.302	85.672	79.506	68.578	62.989	60.249	59.578	58.951	58.649	58.932
101.9226	99.912	98.207	94.484	90.437	83.968	77.921	67.223	61.74	59.038	58.41	57.801	57.501	57.791
99.8318	97.83	96.178	92.564	88.602	82.29	76.357	65.893	60.496	57.846	57.258	56.672	56.378	56.676
97.7727	95.787	94.191	90.679	86.798	80.639	74.824	64.583	59.272	56.683	56.136	55.565	55.287	55.587
95.73617	93.793	92.257	88.819	85.025	79.022	73.314	63.291	58.061	55.545	55.044	54.486	54.217	54.52
93.73518	91.85	90.372	86.988	83.289	77.439	71.823	62.019	56.88	54.438	53.975	53.43	53.171	53.473
91.77306	89.945	88.538	85.184	81.6	75.88	70.366	60.773	55.727	53.364	52.925	52.389	52.149	52.444
89.84655	88.097	86.744	83.409	79.941	74.344	68.944	59.547	54.603	52.32	51.893	51.361	51.149	51.441
87.96439	86.301	84.997	81.682	78.316	72.839	67.548	58.35	53.499	51.307	50.883	50.359	50.17	50.466
86.11819	84.563	83.277	79.988	76.715	71.363	66.17	57.173	52.429	50.318	49.887	49.384	49.202	49.514
84.30618	82.865	81.588	78.339	75.154	69.913	64.819	56.02	51.383	49.351	48.898	48.435	48.253	48.578
82.53834	81.204	79.924	76.736	73.616	68.487	63.5	54.886	50.37	48.405	47.925	47.506	47.325	47.664
80.80854	79.573	78.288	75.166	72.102	67.087	62.211	53.771	49.39	47.478	46.98	46.6	46.417	46.769
79.14247	77.955	76.668	73.629	70.617	65.707	60.952	52.672	48.438	46.571	46.051	45.707	45.522	45.891
77.52564	76.356	75.078	72.118	69.16	64.341	59.721	51.595	47.509	45.688	45.134	44.838	44.639	45.035
75.95112	74.779	73.514	70.64	67.735	63.003	58.509	50.546	46.594	44.815	44.236	43.989	43.773	44.193
74.41718	73.225	71.972	69.187	66.336	61.684	57.321	49.52	45.694	43.955	43.362	43.155	42.925	43.374
72.90576	71.695	70.462	67.757	64.958	60.392	56.152	48.518	44.81	43.105	42.513	42.347	42.093	42.567
71.42588	70.183	68.989	66.347	63.611	59.124	55	47.538	43.946	42.271	41.68	41.551	41.284	41.769
69.97022	68.688	67.554	64.96	62.293	57.888	53.872	46.584	43.1	41.456	40.86	40.77	40.496	40.981
68.53536	67.224	66.151	63.599	61.003	56.674	52.772	45.653	42.271	40.655	40.059	39.995	39.73	40.209
67.12933	65.796	64.791	62.273	59.74	55.49	51.693	44.751	41.451	39.871	39.281	39.231	38.978	39.452
65.75009	64.411	63.449	60.972	58.496	54.341	50.632	43.869	40.645	39.098	38.519	38.486	38.24	38.706
64.38175	63.055	62.124	59.703	57.286	53.223	49.587	43.003	39.849	38.338	37.771	37.76	37.518	37.97
63.02693	61.725	60.826	58.462	56.095	52.132	48.569	42.152	39.067	37.592	37.041	37.047	36.812	37.25
61.68123	60.42	59.552	57.252	54.927	51.076	47.575	41.316	38.302	36.857	36.336	36.345	36.123	36.547
60.36267	59.135	58.298	56.075	53.788	50.048	46.602	40.492	37.548	36.139	35.646	35.646	35.453	35.857
59.07146	57.87	57.065	54.92	52.67	49.033	45.652	39.681	36.802	35.438	34.966	34.955	34.791	35.186
57.8003	56.629	55.854	53.791	51.582	48.039	44.724	38.884	36.07	34.748	34.306	34.28	34.147	34.526
56.55285	55.413	54.663	52.676	50.516	47.059	43.817	38.096	35.346	34.069	33.667	33.611	33.514	33.885
55.32136	54.227	53.493	51.579	49.467	46.093	42.926	37.319	34.635	33.398	33.041	32.961	32.889	33.26
54.11835	53.069	52.35	50.494	48.442	45.134	42.052	36.552	33.935	32.739	32.417	32.319	32.278	32.65
52.93621	51.933	51.236	49.425	47.433	44.192	41.193	35.8	33.247	32.095	31.792	31.691	31.677	32.055
51.77365	50.826	50.153	48.373	46.441	43.261	40.35	35.063	32.572	31.463	31.169	31.073	31.083	31.478
50.64338	49.753	49.109	47.339	45.469	42.343	39.52	34.337	31.913	30.847	30.55	30.466	30.494	30.918
49.55251	48.716	48.086	46.32	44.515	41.453	38.706	33.627	31.267	30.243	29.938	29.874	29.918	30.37
48.48775	47.716	47.074	45.32	43.589	40.585	37.905	32.929	30.637	29.651	29.331	29.303	29.355	29.833
47.45579	46.739	46.092	44.334	42.686	39.739	37.122	32.246	30.026	29.072	28.737	28.75	28.801	29.301
46.45493	45.779	45.13	43.378	41.806	38.923	36.357	31.574	29.432	28.505	28.167	28.214	28.258	28.774
45.4864	44.835	44.191	42.453	40.952	38.137	35.607	30.917	28.851	27.956	27.61	27.69	27.735	28.261
44.55084	43.902	43.266	41.554	40.117	37.372	34.873	30.285	28.278	27.424	27.068	27.175	27.225	27.76
43.64428	42.984	42.361	40.687	39.307	36.628	34.165	29.677	27.722	26.909	26.549	26.672	26.736	27.269
42.75864	42.081	41.481	39.846	38.521	35.907	33.481	29.089	27.179	26.411	26.059	26.179	26.262	26.786
41.8895	41.193	40.622	39.036	37.753	35.203	32.814	28.522	26.655	25.923	25.592	25.696	25.801	26.311
41.04504	40.331	39.782	38.247	37.002	34.511	32.173	27.975	26.148	25.444	25.137	25.221	25.359	25.841
40.21216	39.482	38.96	37.489	36.267	33.837	31.552	27.446	25.657	24.976	24.695	24.758	24.931	25.38
39.38892	38.653	38.163	36.753	35.542	33.179	30.95	26.937	25.177	24.516	24.263	24.304	24.507	24.933
38.58335	37.851	37.388	36.033	34.825	32.528	30.362	26.445	24.705	24.069	23.832	23.856	24.085	24.499
37.79602	37.069	36.637	35.328	34.12	31.89	29.789	25.976	24.243	23.628	23.408	23.415	23.667	24.079
37.01824	36.319	35.898	34.636	33.434	31.262	29.232	25.519	23.793	23.193	22.983	22.981	23.253	23.673
36.25486	35.595	35.181	33.95	32.769	30.643	28.688	25.07	23.353	22.764	22.559	22.559	22.843	23.273
35.50841	34.89	34.483	33.285	32.123	30.037	28.159	24.623	22.924	22.342	22.149	22.153	22.434	22.878
34.78306	34.203	33.811	32.637	31.494	29.447	27.636	24.178	22.503	21.929	21.747	21.759	22.031	22.494
34.07918	33.53	33.153	31.999	30.878	28.871	27.123	23.738	22.084	21.527	21.35	21.376	21.633	22.119
33.40274	32.872	32.513	31.375	30.284	28.308	26.623	23.308	21.674	21.138	20.963	21.004	21.243	21.755
32.74428	32.224	31.897	30.765	29.716	27.76	26.133	22.885	21.274	20.764	20.59	20.642	20.863	21.401
32.10169	31.587	31.301	30.172	29.169	27.229	25.649	22.47	20.881	20.397	20.232	20.289	20.495	21.055
31.47998	30.972	30.721	29.591	28.64	26.716	25.178	22.058	20.501	20.038	19.889	19.946	20.142	20.715
30.87123	30.369	30.153	29.028	28.129	26.222	24.717	21.648	20.133	19.692	19.559	19.611	19.803	20.381
30.27402	29.785	29.598	28.476	27.626	25.75	24.267	21.245	19.777	19.357	19.24	19.287	19.476	20.058
29.69512	29.222	29.051	27.934	27.133	25.287	23.826	20.85	19.427	19.036	18.923	18.971	19.157	19.743
29.13203	28.667	28.513	27.401	26.647	24.838	23.398	20.466	19.085	18.724	18.613	18.664	18.843	19.438
28.57715	28.127	27.981	26.877	26.167	24.398	22.982	20.092	18.749	18.42	18.301	18.36	18.539	19.141
28.03359	27.601	27.452	26.357	25.695	23.962	22.571	19.726	18.418	18.12	17.987	18.057	18.241	18.846
27.50076	27.088	26.925	25.847	25.23	23.53	22.171	19.363	18.095	17.822	17.681	17.76	17.948	18.552
26.97639	26.587	26.402	25.35	24.768	23.1	21.774	19.006	17.778	17.528	17.38	17.467	17.661	18.263
26.45836	26.094	25.883	24.863	24.304	22.67	21.385	18.657	17.463	17.237	17.082	17.178	17.378	17.976
25.95349	25.608	25.376	24.383	23.838	22.241	21.003	18.315	17.154	16.949	16.785	16.891	17.098	17.697
25.45607	25.123	24.874	23.909	23.376	21.811	20.621	17.98	16.848	16.664	16.488	16.607	16.823	17.423
24.9663	24.639	24.381	23.447	22.919	21.383	20.237	17.657	16.544	16.376	16.195	16.327	16.548	17.15
24.48705	24.157	23.897	22.994	22.469	20.964	19.852	17.337	16.245	16.09	15.912	16.055	16.273	16.878
24.00963	23.674	23.424	22.553	22.024	20.557	19.463	17.016	15.953	15.808	15.636	15.789	16.003	16.606
23.53555	23.196	22.961	22.12	21.579	20.164	19.074	16.7	15.67	15.529	15.367	15.528	15.741	16.342
23.06995	22.726	22.507	21.691	21.138	19.782	18.689	16.391	15.393	15.256	15.102	15.27	15.486	16.082
22.61092	22.266	22.061	21.267	20.708	19.413	18.314	16.087	15.12	14.988	14.845	15.023	15.23	15.833
22.15525	21.812	21.623	20.848	20.287	19.056	17.95	15.79	14.848	14.727	14.591	14.781	14.982	15.59
21.7067	21.368	21.194	20.437	19.879	18.707	17.595	15.497	14.577	14.471	14.341	14.541	14.738	15.35
21.26833	20.935	20.77	20.033	19.484	18.367	17.257	15.205	14.31	14.221	14.097	14.308	14.501	15.115
20.8388	20.517	20.354	19.643	19.106	18.032	16.929	14.922	14.051	13.979	13.862	14.078	14.269	14.886
20.41403	20.114	19.947	19.263	18.74	17.697	16.613	14.648	13.798	13.745	13.633	13.852	14.044	14.663
19.99914	19.724	19.555	18.893	18.385	17.366	16.313	14.379	13.555	13.516	13.41	13.627	13.826	14.448
19.59573	19.345	19.171	18.534	18.044	17.036	16.028	14.12	13.321	13.294	13.189	13.404	13.616	14.239
19.20451	18.981	18.795	18.188	17.718	16.708	15.76	13.876	13.093	13.076	12.973	13.187	13.408	14.033
18.83087	18.624	18.428	17.857	17.409	16.388	15.5	13.64	12.875	12.862	12.765	12.978	13.202	13.831
18.47017	18.278	18.073	17.54	17.11	16.077	15.246	13.411	12.664	12.652	12.564	12.777	13.001	13.63
18.12137	17.939	17.729	17.235	16.818	15.778	14.994	13.19	12.464	12.45	12.371	12.581	12.81	13.439
17.78954	17.604	17.397	16.938	16.533	15.491	14.747	12.981	12.274	12.252	12.182	12.389	12.629	13.252
17.47186	17.281	17.075	16.645	16.255	15.214	14.504	12.778	12.093	12.062	12	12.205	12.453	13.074
17.16522	16.966	16.761	16.355	15.982	14.948	14.267	12.578	11.917	11.877	11.819	12.028	12.283	12.904
16.86588	16.66	16.46	16.069	15.713	14.694	14.028	12.381	11.742	11.696	11.641	11.857	12.119	12.737
16.57592	16.361	16.168	15.785	15.449	14.452	13.797	12.186	11.565	11.519	11.465	11.695	11.961	12.573
16.29555	16.072	15.89	15.508	15.19	14.217	13.569	11.995	11.39	11.352	11.292	11.535	11.806	12.413
16.014	15.793	15.626	15.231	14.933	13.984	13.339	11.803	11.217	11.191	11.123	11.379	11.656	12.257
15.73152	15.522	15.375	14.957	14.678	13.752	13.112	11.61	11.048	11.033	10.959	11.221	11.51	12.107
15.45173	15.258	15.13	14.685	14.425	13.522	12.891	11.416	10.88	10.881	10.797	11.063	11.369	11.96
15.17302	15.007	14.889	14.415	14.178	13.294	12.678	11.228	10.71	10.73	10.639	10.906	11.228	11.816
14.89898	14.762	14.649	14.151	13.935	13.066	12.469	11.042	10.543	10.58	10.486	10.753	11.086	11.673
14.62808	14.526	14.41	13.893	13.694	12.842	12.264	10.857	10.376	10.43	10.336	10.605	10.943	11.528
14.35917	14.291	14.173	13.644	13.457	12.625	12.063	10.678	10.214	10.284	10.191	10.462	10.801	11.386
14.09661	14.053	13.938	13.406	13.229	12.413	11.868	10.509	10.054	10.138	10.049	10.319	10.664	11.245
13.84293	13.816	13.703	13.176	13.005	12.207	11.676	10.347	9.8971	9.9959	9.9103	10.179	10.53	11.106
13.59774	13.58	13.465	12.954	12.786	12.007	11.491	10.189	9.7448	9.8559	9.7739	10.044	10.396	10.969
13.35779	13.347	13.228	12.736	12.571	11.816	11.311	10.034	9.5952	9.7164	9.6391	9.9153	10.264	10.834
13.12617	13.113	12.992	12.526	12.366	11.636	11.139	9.8854	9.4445	9.5769	9.506	9.7897	10.133	10.7
12.90805	12.883	12.761	12.328	12.167	11.463	10.972	9.7455	9.2942	9.4399	9.3721	9.6657	10.004	10.57
12.69093	12.655	12.539	12.133	11.972	11.295	10.804	9.6084	9.145	9.3081	9.2403	9.5451	9.8753	10.443
12.4773	12.432	12.326	11.945	11.781	11.13	10.638	9.4728	8.9993	9.178	9.1111	9.4241	9.7488	10.319
12.27065	12.213	12.119	11.758	11.596	10.965	10.473	9.3411	8.8584	9.0517	8.983	9.3022	9.6255	10.2
12.06559	12.001	11.918	11.571	11.418	10.8	10.312	9.2138	8.719	8.9279	8.8563	9.1796	9.5037	10.086
11.86322	11.796	11.722	11.386	11.24	10.631	10.153	9.0873	8.5866	8.8064	8.7337	9.0592	9.3844	9.9776
11.66794	11.601	11.529	11.204	11.062	10.462	9.9938	8.9604	8.4597	8.6867	8.6145	8.9406	9.2623	9.8724
11.47822	11.413	11.342	11.024	10.884	10.292	9.8374	8.8335	8.3403	8.5731	8.497	8.8277	9.1409	9.7711
11.29305	11.23	11.16	10.85	10.711	10.12	9.6832	8.708	8.2249	8.4599	8.3812	8.716	9.0231	9.674
11.11339	11.051	10.982	10.68	10.54	9.9492	9.5317	8.5856	8.1129	8.3481	8.2668	8.6052	8.9099	9.5774
10.93833	10.876	10.808	10.515	10.373	9.7793	9.3835	8.4592	8.0045	8.2394	8.1552	8.4975	8.8003	9.4823
10.7649	10.704	10.639	10.352	10.207	9.6106	9.2415	8.33	7.9012	8.1335	8.0462	8.3952	8.6937	9.3879
10.59639	10.531	10.469	10.192	10.047	9.4482	9.1047	8.2028	7.8007	8.0277	7.9407	8.2943	8.5895	9.2959
10.4348	10.363	10.301	10.038	9.8919	9.2923	8.971	8.0792	7.7027	7.9233	7.8327	8.1942	8.488	9.2045
10.27115	10.195	10.138	9.8885	9.7413	9.1435	8.841	7.9566	7.6054	7.8238	7.7275	8.0982	8.3911	9.1152
10.10592	10.028	9.9767	9.7437	9.593	9.0037	8.7109	7.8354	7.5092	7.7291	7.6251	8.0051	8.2971	9.0266
9.94309	9.8617	9.8152	9.5985	9.4473	8.8712	8.5838	7.7202	7.4132	7.6365	7.5243	7.9119	8.2088	8.9371
9.779422	9.6974	9.6572	9.4519	9.3065	8.7442	8.4588	7.6096	7.315	7.5449	7.4261	7.8168	8.1251	8.848

