300
300.5
301
301.5
302
302.5
303
303.5
304
304.5
305
305.5
306
306.5
307
307.5
308
308.5
309
309.5
310
310.5
311
311.5
312
312.5
313
313.5
314
314.5
315
315.5
316
316.5
317
317.5
318
318.5
319
319.5
320
320.5
321
321.5
322
322.5
323
323.5
324
324.5
325
325.5
326
326.5
327
327.5
328
328.5
329
329.5
330
330.5
331
331.5
332
332.5
333
333.5
334
334.5
335
335.5
336
336.5
337
337.5
338
338.5
339
339.5
340
340.5
341
341.5
342
342.5
343
343.5
344
344.5
345
345.5
346
346.5
347
347.5
348
348.5
349
349.5
350
350.5
351
351.5
352
352.5
353
353.5
354
354.5
355
355.5
356
356.5
357
357.5
358
358.5
359
359.5
360
360.5
361
361.5
362
362.5
363
363.5
364
364.5
365
365.5
366
366.5
367
367.5
368
368.5
369
369.5
370
370.5
371
371.5
372
372.5
373
373.5
374
374.5
375
375.5
376
376.5
377
377.5
378
378.5
379
379.5
380
380.5
381
381.5
382
382.5
383
383.5
384
384.5
385
385.5
386
386.5
387
387.5
388
388.5
389
389.5
390
390.5
391
391.5
392
392.5
393
393.5
394
394.5
395
395.5
396
396.5
397
397.5
398
398.5
399
399.5
400
400.5
401
401.5
402
402.5
403
403.5
404
404.5
405
405.5
406
406.5
407
407.5
408
408.5
409
409.5
410
410.5
411
411.5
412
412.5
413
413.5
414
414.5
415
415.5
416
416.5
417
417.5
418
418.5
419
419.5
420
420.5
421
421.5
422
422.5
423
423.5
424
424.5
425
425.5
426
426.5
427
427.5
428
428.5
429
429.5
430
430.5
431
431.5
432
432.5
433
433.5
434
434.5
435
435.5
436
436.5
437
437.5
438
438.5
439
439.5
440
440.5
441
441.5
442
442.5
443
443.5
444
444.5
445
445.5
446
446.5
447
447.5
448
448.5
449
449.5
450
450.5
451
451.5
452
452.5
453
453.5
454
454.5
455
455.5
456
456.5
457
457.5
458
458.5
459
459.5
460
460.5
461
461.5
462
462.5
463
463.5
464
464.5
465
465.5
466
466.5
467
467.5
468
468.5
469
469.5
470
470.5
471
471.5
472
472.5
473
473.5
474
474.5
475
475.5
476
476.5
477
477.5
478
478.5
479
479.5
480
480.5
481
481.5
482
482.5
483
483.5
484
484.5
485
485.5
486
486.5
487
487.5
488
488.5
489
489.5
490
490.5
491
491.5
492

